   Power SFT.R.sq  slope truncated.R.sq mean.k. median.k. max.k.
1      1    0.145  0.531        0.81600 32.6000  3.28e+01  55.50
2      2    0.577 -0.722        0.71300  8.8500  7.32e+00  25.70
3      3    0.855 -1.200        0.83500  3.7800  2.24e+00  18.80
4      4    0.819 -1.160        0.89600  2.0700  8.01e-01  15.00
5      5    0.842 -1.070        0.95400  1.3100  3.14e-01  12.30
6      6    0.832 -1.070        0.89700  0.9110  1.50e-01  10.20
7      7    0.865 -1.030        0.87200  0.6700  6.93e-02   8.65
8      8    0.918 -0.970        0.95000  0.5130  3.31e-02   7.40
9      9    0.163 -1.580       -0.07620  0.4040  1.53e-02   6.40
10    10    0.168 -1.540       -0.07000  0.3260  8.37e-03   5.57
11    12    0.198 -2.060       -0.00544  0.2230  2.16e-03   4.44
12    14    0.224 -2.130        0.08270  0.1610  5.62e-04   3.63
13    16    0.195 -1.450       -0.03410  0.1210  1.60e-04   3.04
14    18    0.171 -1.360       -0.05400  0.0932  4.75e-05   2.58
15    20    0.146 -1.580       -0.05440  0.0737  1.46e-05   2.22